rouge1-R,0.102515,0.120910,0.141684
rouge1-P,0.103487,0.121601,0.142573
rouge1-F,0.101434,0.119302,0.139902
rouge2-R,0.042833,0.056167,0.070840
rouge2-P,0.043667,0.056167,0.070504
rouge2-F,0.042395,0.054998,0.069390
rougeL-R,0.102450,0.121219,0.141556
rougeL-P,0.103532,0.122286,0.142625
rougeL-F,0.101399,0.119615,0.139789
rougeLsum-R,0.102269,0.121344,0.142637
rougeLsum-P,0.103000,0.122452,0.143119
rougeLsum-F,0.100404,0.119965,0.140761
bleu,46.218971,48.171363,50.045803
regs1-T-token,0.789164,0.793208,0.797560
regs1-P-token,0.762153,0.767221,0.771543
regs2-T-token,0.560560,0.569187,0.578251
regs2-P-token,0.512959,0.521898,0.530923
regs3-T-token,0.302602,0.310315,0.318091
regs3-P-token,0.261949,0.270036,0.278095
regsTCR-T-token,0.137522,0.143144,0.149105
regsTCR-P-token,0.131029,0.136861,0.143112
char-T,186.034100,191.966000,197.897950
char-P,143.866500,146.949500,150.501800
char-R,0.897578,0.931235,0.967173
word-T,69.729875,72.052500,74.489425
word-P,53.762550,54.971000,56.316450
word-R,0.896911,0.934234,0.972282
char-hist-T,(0, 20): 0.0010, [40, 60): 0.0130, [60, 80): 0.0070, [80, 100): 0.0300, [100, 120): 0.0660, [120, 140): 0.1000, [140, 160): 0.1260, [160, 180): 0.1100, [180, 200): 0.1120, [200, 220): 0.0670, [220, 240): 0.0830, [240, 260): 0.0410, [260, 280): 0.0480, [280, 300): 0.0500, [300, 320): 0.0250, [320, 340): 0.0170, [340, 360): 0.0220, [360, 380): 0.0160, [380, 400): 0.0070, [400, 420): 0.0080, [420, 440): 0.0080, [440, 460): 0.0070, [460, 480): 0.0100, [480, 500): 0.0060, [500, 520): 0.0010, [520, 540): 0.0030, [540, 560): 0.0020, [560, 580): 0.0080, [580, 600): 0.0060, 
char-hist-P,[40, 60): 0.0110, [60, 80): 0.0140, [80, 100): 0.0580, [100, 120): 0.1140, [120, 140): 0.1390, [140, 160): 0.1630, [160, 180): 0.1620, [180, 200): 0.0880, [200, 220): 0.0770, [220, 240): 0.0620, [240, 260): 0.0460, [260, 280): 0.0270, [280, 300): 0.0200, [300, 320): 0.0050, [320, 340): 0.0080, [340, 360): 0.0040, [360, 380): 0.0010, [380, 400): 0.0010, 
char-hist-R,[0.20, 0.30): 0.0100, [0.30, 0.40): 0.0460, [0.40, 0.50): 0.0560, [0.50, 0.60): 0.0770, [0.60, 0.70): 0.0950, [0.70, 0.80): 0.0760, [0.80, 0.90): 0.0720, [0.90, 1.00): 0.0670, [1.00, 1.10): 0.0560, [1.10, 1.20): 0.1880, [1.20, 1.30): 0.0580, [1.30, 1.40): 0.0460, [1.40, 1.50): 0.0330, [1.50, 1.60): 0.0240, [1.60, 1.70): 0.0170, [1.70, 1.80): 0.0170, [1.80, 1.90): 0.0120, [1.90, 2.00): 0.0060, [2.00, 2.10): 0.0060, [2.10, 2.20): 0.0030, [2.20, 2.30): 0.0040, [2.30, 2.40): 0.0040, [2.40, 2.50): 0.0060, [2.50, 2.60): 0.0030, [2.60, 2.70): 0.0040, [2.70, 2.80): 0.0020, [2.80, 2.90): 0.0010, [3.00, 3.10): 0.0020, [3.10, 3.20): 0.0030, [3.30, 3.40): 0.0010, [3.40, 3.50): 0.0010, [3.50, 3.60): 0.0010, [4.50, 4.60): 0.0010, [5.60, 5.70): 0.0010, [8.60, 8.70): 0.0010, 
word-hist-T,[10, 15): 0.0030, [15, 20): 0.0110, [20, 25): 0.0060, [25, 30): 0.0070, [30, 35): 0.0290, [35, 40): 0.0330, [40, 45): 0.0560, [45, 50): 0.0800, [50, 55): 0.0690, [55, 60): 0.0940, [60, 65): 0.0750, [65, 70): 0.0670, [70, 75): 0.0590, [75, 80): 0.0490, [80, 85): 0.0430, [85, 90): 0.0400, [90, 95): 0.0260, [95, 100): 0.0280, [100, 105): 0.0440, [105, 110): 0.0290, [110, 115): 0.0180, [115, 120): 0.0190, [120, 125): 0.0100, [125, 130): 0.0110, [130, 135): 0.0180, [135, 140): 0.0070, [140, 145): 0.0070, [145, 150): 0.0040, [150, 155): 0.0080, [155, 160): 0.0020, [160, 165): 0.0070, [165, 170): 0.0050, [170, 175): 0.0030, [175, 180): 0.0050, [180, 185): 0.0030, [185, 190): 0.0030, [190, 195): 0.0020, [195, 200): 0.0020, [200, 205): 0.0030, [205, 210): 0.0020, [210, 215): 0.0030, [215, 220): 0.0060, [220, 225): 0.0030, [230, 235): 0.0010, 
word-hist-P,[10, 15): 0.0030, [15, 20): 0.0080, [20, 25): 0.0070, [25, 30): 0.0190, [30, 35): 0.0480, [35, 40): 0.0630, [40, 45): 0.0850, [45, 50): 0.1010, [50, 55): 0.1130, [55, 60): 0.1080, [60, 65): 0.1010, [65, 70): 0.0770, [70, 75): 0.0450, [75, 80): 0.0460, [80, 85): 0.0450, [85, 90): 0.0380, [90, 95): 0.0260, [95, 100): 0.0160, [100, 105): 0.0150, [105, 110): 0.0110, [110, 115): 0.0080, [115, 120): 0.0060, [120, 125): 0.0050, [125, 130): 0.0020, [130, 135): 0.0030, [145, 150): 0.0010, 
word-hist-R,[0.20, 0.30): 0.0110, [0.30, 0.40): 0.0470, [0.40, 0.50): 0.0540, [0.50, 0.60): 0.0850, [0.60, 0.70): 0.0930, [0.70, 0.80): 0.0800, [0.80, 0.90): 0.0610, [0.90, 1.00): 0.0650, [1.00, 1.10): 0.0550, [1.10, 1.20): 0.1840, [1.20, 1.30): 0.0630, [1.30, 1.40): 0.0450, [1.40, 1.50): 0.0360, [1.50, 1.60): 0.0190, [1.60, 1.70): 0.0200, [1.70, 1.80): 0.0180, [1.80, 1.90): 0.0130, [1.90, 2.00): 0.0070, [2.00, 2.10): 0.0030, [2.10, 2.20): 0.0050, [2.20, 2.30): 0.0030, [2.30, 2.40): 0.0070, [2.40, 2.50): 0.0010, [2.50, 2.60): 0.0060, [2.60, 2.70): 0.0030, [2.70, 2.80): 0.0020, [2.80, 2.90): 0.0020, [2.90, 3.00): 0.0010, [3.00, 3.10): 0.0020, [3.10, 3.20): 0.0040, [3.40, 3.50): 0.0010, [3.70, 3.80): 0.0010, [4.10, 4.20): 0.0010, [5.60, 5.70): 0.0010, [9.30, 9.40): 0.0010, 
